x: -0.120002 0.350002
y: -0.010002 0.250002
z: 0.56 0.850002