x: -0.365002 0.345002
y: -0.065002 0.235002
z: 0.6 0.945002